   9.0000000e+00   2.7217773e-01  -4.8479375e+00
   6.0000000e+00   2.6513281e-01  -5.1020000e+00
   3.0000000e+00   3.3592578e-01  -2.9215625e+00
   6.0000000e+00   2.6484961e-01  -4.1566250e+00
   6.0000000e+00   3.4533789e-01  -6.7184375e+00
   0.0000000e+00   3.5238477e-01  -3.8115000e+00
   0.0000000e+00   3.2790625e-01  -2.3268750e+00
   0.0000000e+00   3.5039453e-01  -2.5370000e+00
   6.0000000e+00   3.2275781e-01  -5.4231250e+00
   9.0000000e+00   1.8936133e-01  -3.1240625e+00
   6.0000000e+00   2.6445703e-01  -4.3083125e+00
   2.0000000e+00   2.9903320e-01  -4.6301250e+00
   2.0000000e+00   2.8239062e-01  -4.5324375e+00
   4.0000000e+00   2.1521484e-01  -5.1317500e+00
   0.0000000e+00   2.8595117e-01  -4.2942500e+00
   3.0000000e+00   2.3404492e-01  -3.4806875e+00
   1.0000000e+00   1.5993359e-01  -1.7420000e+00
   6.0000000e+00   2.7386719e-01  -4.8237500e+00
   9.0000000e+00   3.8498437e-01  -4.4322500e+00
   6.0000000e+00   3.4975000e-01  -4.3058750e+00
   2.0000000e+00   3.7978906e-01  -4.9935625e+00
   2.0000000e+00   4.7477344e-01  -6.1763750e+00
   4.0000000e+00   3.0516797e-01  -4.4803125e+00
   9.0000000e+00   2.0508789e-01  -4.1300000e+00
   6.0000000e+00   2.6227539e-01  -4.7208750e+00
   2.0000000e+00   2.8709961e-01  -3.9211250e+00
   0.0000000e+00   3.1225977e-01  -2.3776250e+00
   3.0000000e+00   2.8039258e-01  -4.7258125e+00
   8.0000000e+00   3.2218750e-01  -3.3329375e+00
   3.0000000e+00   3.5929687e-01  -4.2898125e+00
   7.0000000e+00   2.2649219e-01  -4.1994375e+00
   0.0000000e+00   2.9662305e-01  -2.8226875e+00
   5.0000000e+00   3.2483984e-01  -6.3605625e+00
   0.0000000e+00   3.9459766e-01  -2.8943750e+00
   7.0000000e+00   1.8231836e-01  -4.0845625e+00
   9.0000000e+00   2.2808789e-01  -4.1579375e+00
   5.0000000e+00   2.5117969e-01  -4.3893750e+00
   0.0000000e+00   4.5083789e-01  -4.5480625e+00
   0.0000000e+00   4.1525195e-01  -2.7768750e+00
   7.0000000e+00   2.6472461e-01  -4.9824375e+00
   0.0000000e+00   3.1520508e-01  -2.7903125e+00
   8.0000000e+00   3.8461523e-01  -6.7251875e+00
   1.0000000e+00   1.2460938e-01  -4.7443750e-01
   0.0000000e+00   3.6583398e-01  -2.3130000e+00
   7.0000000e+00   3.1943164e-01  -5.4048750e+00
   1.0000000e+00   2.1911719e-01  -9.0450000e-01
   0.0000000e+00   5.5461133e-01  -2.7437500e+00
   4.0000000e+00   1.9897070e-01  -3.8005000e+00
   2.0000000e+00   3.2738867e-01  -6.7784375e+00
   0.0000000e+00   3.4729102e-01  -2.5061875e+00
   8.0000000e+00   4.1158984e-01  -4.0413750e+00
   5.0000000e+00   3.7209961e-01  -6.3814375e+00
   1.0000000e+00   2.4477930e-01  -2.5056250e+00
   2.0000000e+00   3.7722852e-01  -4.7659375e+00
   0.0000000e+00   4.4523047e-01  -3.7705000e+00
   6.0000000e+00   2.2680664e-01  -3.5264375e+00
   5.0000000e+00   2.2977148e-01  -3.0428125e+00
   9.0000000e+00   2.0639258e-01  -3.5253125e+00
   2.0000000e+00   3.9047266e-01  -6.3143750e+00
   0.0000000e+00   5.5287891e-01  -2.1641250e+00
   9.0000000e+00   2.6599805e-01  -3.7960625e+00
   0.0000000e+00   5.3567578e-01  -2.9237500e+00
   4.0000000e+00   2.5713086e-01  -4.9711250e+00